NAME: M-n151-k12_3 
DIMENSION: 151 
CAPACITY: 200 
VEHICLES: 12 
No         x_pos      y_pos      demand     release    due        
1          35.00000   35.00000   0          0          999999999  
2          41.00000   49.00000   10         6          74         
3          35.00000   17.00000   7          4          76         
4          55.00000   45.00000   13         2          65         
5          55.00000   20.00000   19         12         71         
6          15.00000   30.00000   26         13         66         
7          25.00000   30.00000   3          13         75         
8          20.00000   50.00000   5          4          78         
9          10.00000   43.00000   9          13         69         
10         55.00000   60.00000   16         5          81         
11         30.00000   60.00000   16         9          94         
12         20.00000   65.00000   12         12         77         
13         50.00000   35.00000   19         2          74         
14         30.00000   25.00000   23         8          91         
15         15.00000   10.00000   20         4          90         
16         30.00000   5.00000    8          13         83         
17         10.00000   20.00000   19         8          84         
18         5.00000    30.00000   2          11         90         
19         20.00000   40.00000   12         4          68         
20         15.00000   60.00000   17         13         76         
21         45.00000   65.00000   9          10         90         
22         45.00000   20.00000   11         10         83         
23         45.00000   10.00000   18         8          84         
24         55.00000   5.00000    29         4          64         
25         65.00000   35.00000   3          1          75         
26         65.00000   20.00000   6          1          76         
27         45.00000   30.00000   17         5          86         
28         35.00000   40.00000   16         11         80         
29         41.00000   37.00000   16         7          66         
30         64.00000   42.00000   9          3          88         
31         40.00000   60.00000   21         8          79         
32         31.00000   52.00000   27         5          69         
33         35.00000   69.00000   23         13         71         
34         53.00000   52.00000   11         6          75         
35         65.00000   55.00000   14         4          73         
36         63.00000   65.00000   8          9          68         
37         2.00000    60.00000   5          2          65         
38         20.00000   20.00000   8          12         72         
39         5.00000    5.00000    16         7          93         
40         60.00000   12.00000   31         12         96         
41         40.00000   25.00000   9          3          82         
42         42.00000   7.00000    5          2          88         
43         24.00000   12.00000   5          12         73         
44         23.00000   3.00000    7          8          75         
45         11.00000   14.00000   18         12         90         
46         6.00000    38.00000   16         6          60         
47         2.00000    48.00000   1          6          82         
48         8.00000    56.00000   27         6          82         
49         13.00000   52.00000   36         9          82         
50         6.00000    68.00000   30         9          84         
51         47.00000   47.00000   13         2          88         
52         49.00000   58.00000   10         11         81         
53         27.00000   43.00000   9          3          88         
54         37.00000   31.00000   14         3          55         
55         57.00000   29.00000   18         10         74         
56         63.00000   23.00000   2          11         70         
57         53.00000   12.00000   6          5          85         
58         32.00000   12.00000   7          4          73         
59         36.00000   26.00000   18         3          80         
60         21.00000   24.00000   28         2          81         
61         17.00000   34.00000   3          13         68         
62         12.00000   24.00000   13         13         95         
63         24.00000   58.00000   19         6          88         
64         27.00000   69.00000   10         6          70         
65         15.00000   77.00000   9          3          69         
66         62.00000   77.00000   20         10         74         
67         49.00000   73.00000   25         11         97         
68         67.00000   5.00000    25         1          85         
69         56.00000   39.00000   36         10         92         
70         37.00000   47.00000   6          7          69         
71         37.00000   56.00000   5          4          71         
72         57.00000   68.00000   15         5          59         
73         47.00000   16.00000   25         4          71         
74         44.00000   17.00000   9          13         81         
75         46.00000   13.00000   8          11         82         
76         49.00000   11.00000   18         11         87         
77         49.00000   42.00000   13         11         69         
78         53.00000   43.00000   14         7          67         
79         61.00000   52.00000   3          2          67         
80         57.00000   48.00000   23         10         71         
81         56.00000   37.00000   6          6          86         
82         55.00000   54.00000   26         13         77         
83         15.00000   47.00000   16         9          78         
84         14.00000   37.00000   11         1          60         
85         11.00000   31.00000   7          4          74         
86         16.00000   22.00000   41         4          57         
87         4.00000    18.00000   35         7          71         
88         28.00000   18.00000   26         1          64         
89         26.00000   52.00000   9          13         99         
90         26.00000   35.00000   15         12         97         
91         31.00000   67.00000   3          11         82         
92         15.00000   19.00000   1          4          86         
93         22.00000   22.00000   2          2          71         
94         18.00000   24.00000   22         1          75         
95         26.00000   27.00000   27         13         98         
96         25.00000   24.00000   20         6          71         
97         22.00000   27.00000   11         6          74         
98         25.00000   21.00000   12         6          63         
99         19.00000   21.00000   10         3          56         
100        20.00000   26.00000   9          13         72         
101        18.00000   18.00000   17         10         68         
102        37.00000   52.00000   7          13         83         
103        49.00000   49.00000   30         4          72         
104        52.00000   64.00000   16         2          75         
105        20.00000   26.00000   9          12         83         
106        40.00000   30.00000   21         13         74         
107        21.00000   47.00000   15         9          78         
108        17.00000   63.00000   19         4          90         
109        31.00000   62.00000   23         3          73         
110        52.00000   33.00000   11         2          64         
111        51.00000   21.00000   5          5          86         
112        42.00000   41.00000   19         13         90         
113        31.00000   32.00000   29         7          68         
114        5.00000    25.00000   23         12         91         
115        12.00000   42.00000   21         7          84         
116        36.00000   16.00000   10         10         78         
117        52.00000   41.00000   15         5          79         
118        27.00000   23.00000   3          4          71         
119        17.00000   33.00000   41         4          82         
120        13.00000   13.00000   9          8          71         
121        57.00000   58.00000   28         10         62         
122        62.00000   42.00000   8          12         74         
123        42.00000   57.00000   8          2          84         
124        16.00000   57.00000   16         12         97         
125        8.00000    52.00000   10         5          77         
126        7.00000    38.00000   28         11         88         
127        27.00000   68.00000   7          13         93         
128        30.00000   48.00000   15         12         82         
129        43.00000   67.00000   14         5          81         
130        58.00000   48.00000   6          13         76         
131        58.00000   27.00000   19         6          69         
132        37.00000   69.00000   11         13         71         
133        38.00000   46.00000   12         9          91         
134        46.00000   10.00000   23         3          78         
135        61.00000   33.00000   26         7          63         
136        62.00000   63.00000   17         9          70         
137        63.00000   69.00000   6          1          71         
138        32.00000   22.00000   9          11         86         
139        45.00000   35.00000   15         2          81         
140        59.00000   15.00000   14         12         79         
141        5.00000    6.00000    7          3          67         
142        10.00000   17.00000   27         9          65         
143        21.00000   10.00000   13         1          76         
144        5.00000    64.00000   11         13         83         
145        30.00000   15.00000   16         5          60         
146        39.00000   10.00000   10         4          56         
147        32.00000   39.00000   5          10         90         
148        25.00000   32.00000   25         2          68         
149        25.00000   55.00000   17         8          93         
150        48.00000   28.00000   18         6          79         
151        56.00000   37.00000   10         1          54         
