NAME: M-n151-k12_5 
DIMENSION: 151 
CAPACITY: 200 
VEHICLES: 12 
No         x_pos      y_pos      demand     release    due        
1          35.00000   35.00000   0          0          999999999  
2          41.00000   49.00000   10         8          84         
3          35.00000   17.00000   7          4          68         
4          55.00000   45.00000   13         19         105        
5          55.00000   20.00000   19         20         76         
6          15.00000   30.00000   26         19         87         
7          25.00000   30.00000   3          10         67         
8          20.00000   50.00000   5          10         80         
9          10.00000   43.00000   9          3          88         
10         55.00000   60.00000   16         4          67         
11         30.00000   60.00000   16         2          55         
12         20.00000   65.00000   12         12         69         
13         50.00000   35.00000   19         20         90         
14         30.00000   25.00000   23         16         68         
15         15.00000   10.00000   20         5          73         
16         30.00000   5.00000    8          16         84         
17         10.00000   20.00000   19         3          58         
18         5.00000    30.00000   2          1          85         
19         20.00000   40.00000   12         8          69         
20         15.00000   60.00000   17         3          83         
21         45.00000   65.00000   9          14         70         
22         45.00000   20.00000   11         7          72         
23         45.00000   10.00000   18         19         78         
24         55.00000   5.00000    29         9          62         
25         65.00000   35.00000   3          20         94         
26         65.00000   20.00000   6          1          58         
27         45.00000   30.00000   17         21         89         
28         35.00000   40.00000   16         8          76         
29         41.00000   37.00000   16         20         93         
30         64.00000   42.00000   9          9          92         
31         40.00000   60.00000   21         3          86         
32         31.00000   52.00000   27         16         95         
33         35.00000   69.00000   23         21         92         
34         53.00000   52.00000   11         14         81         
35         65.00000   55.00000   14         2          75         
36         63.00000   65.00000   8          9          80         
37         2.00000    60.00000   5          3          74         
38         20.00000   20.00000   8          5          74         
39         5.00000    5.00000    16         9          76         
40         60.00000   12.00000   31         9          66         
41         40.00000   25.00000   9          19         80         
42         42.00000   7.00000    5          7          69         
43         24.00000   12.00000   5          13         75         
44         23.00000   3.00000    7          9          90         
45         11.00000   14.00000   18         4          82         
46         6.00000    38.00000   16         12         79         
47         2.00000    48.00000   1          13         77         
48         8.00000    56.00000   27         14         73         
49         13.00000   52.00000   36         16         68         
50         6.00000    68.00000   30         20         89         
51         47.00000   47.00000   13         11         71         
52         49.00000   58.00000   10         12         81         
53         27.00000   43.00000   9          4          80         
54         37.00000   31.00000   14         12         94         
55         57.00000   29.00000   18         13         96         
56         63.00000   23.00000   2          10         66         
57         53.00000   12.00000   6          21         83         
58         32.00000   12.00000   7          2          59         
59         36.00000   26.00000   18         3          62         
60         21.00000   24.00000   28         14         84         
61         17.00000   34.00000   3          8          72         
62         12.00000   24.00000   13         6          86         
63         24.00000   58.00000   19         14         94         
64         27.00000   69.00000   10         7          67         
65         15.00000   77.00000   9          2          65         
66         62.00000   77.00000   20         6          82         
67         49.00000   73.00000   25         2          67         
68         67.00000   5.00000    25         11         75         
69         56.00000   39.00000   36         8          62         
70         37.00000   47.00000   6          9          80         
71         37.00000   56.00000   5          7          73         
72         57.00000   68.00000   15         7          89         
73         47.00000   16.00000   25         4          72         
74         44.00000   17.00000   9          17         72         
75         46.00000   13.00000   8          17         100        
76         49.00000   11.00000   18         3          79         
77         49.00000   42.00000   13         6          64         
78         53.00000   43.00000   14         12         70         
79         61.00000   52.00000   3          6          62         
80         57.00000   48.00000   23         9          79         
81         56.00000   37.00000   6          17         90         
82         55.00000   54.00000   26         8          91         
83         15.00000   47.00000   16         18         94         
84         14.00000   37.00000   11         14         91         
85         11.00000   31.00000   7          8          87         
86         16.00000   22.00000   41         2          61         
87         4.00000    18.00000   35         16         71         
88         28.00000   18.00000   26         15         74         
89         26.00000   52.00000   9          13         74         
90         26.00000   35.00000   15         3          77         
91         31.00000   67.00000   3          3          81         
92         15.00000   19.00000   1          17         95         
93         22.00000   22.00000   2          11         69         
94         18.00000   24.00000   22         8          63         
95         26.00000   27.00000   27         21         107        
96         25.00000   24.00000   20         16         79         
97         22.00000   27.00000   11         6          77         
98         25.00000   21.00000   12         12         66         
99         19.00000   21.00000   10         21         101        
100        20.00000   26.00000   9          15         101        
101        18.00000   18.00000   17         4          78         
102        37.00000   52.00000   7          21         98         
103        49.00000   49.00000   30         15         77         
104        52.00000   64.00000   16         12         86         
105        20.00000   26.00000   9          13         75         
106        40.00000   30.00000   21         2          75         
107        21.00000   47.00000   15         19         88         
108        17.00000   63.00000   19         19         81         
109        31.00000   62.00000   23         8          73         
110        52.00000   33.00000   11         19         71         
111        51.00000   21.00000   5          2          80         
112        42.00000   41.00000   19         12         88         
113        31.00000   32.00000   29         2          88         
114        5.00000    25.00000   23         3          75         
115        12.00000   42.00000   21         4          70         
116        36.00000   16.00000   10         3          76         
117        52.00000   41.00000   15         7          81         
118        27.00000   23.00000   3          6          74         
119        17.00000   33.00000   41         17         93         
120        13.00000   13.00000   9          20         102        
121        57.00000   58.00000   28         3          62         
122        62.00000   42.00000   8          8          89         
123        42.00000   57.00000   8          7          84         
124        16.00000   57.00000   16         3          77         
125        8.00000    52.00000   10         4          65         
126        7.00000    38.00000   28         11         69         
127        27.00000   68.00000   7          12         71         
128        30.00000   48.00000   15         1          75         
129        43.00000   67.00000   14         11         75         
130        58.00000   48.00000   6          4          63         
131        58.00000   27.00000   19         16         82         
132        37.00000   69.00000   11         16         84         
133        38.00000   46.00000   12         12         77         
134        46.00000   10.00000   23         1          67         
135        61.00000   33.00000   26         1          72         
136        62.00000   63.00000   17         5          68         
137        63.00000   69.00000   6          13         71         
138        32.00000   22.00000   9          19         103        
139        45.00000   35.00000   15         10         67         
140        59.00000   15.00000   14         11         66         
141        5.00000    6.00000    7          20         100        
142        10.00000   17.00000   27         14         94         
143        21.00000   10.00000   13         2          85         
144        5.00000    64.00000   11         3          60         
145        30.00000   15.00000   16         6          91         
146        39.00000   10.00000   10         6          71         
147        32.00000   39.00000   5          13         73         
148        25.00000   32.00000   25         12         96         
149        25.00000   55.00000   17         12         90         
150        48.00000   28.00000   18         7          90         
151        56.00000   37.00000   10         11         77         
